83762
161875
68792
202902
105925
66638
155410
124255
4970
25945
132011
202040
69444
55635
58250
15258
180692
126941
28351
7414
105275
135690
178220
12054
158554
74886
60738
81534
130569
121856
69439
174775
19204
172748
132966
169107
73083
173718
217399
215085
71259
206702
218317
1452
113384
42534
53451
120653
165629
89116
120436
123372
151522
96872
181651
83526
164310
148986
87921
188281
15567
104764
53769
170870
27166
137455
174123
195196
176907
66421
17337
72820
78802
64258
11548
51065
100710
52171
45054
185196
219864
36858
171619
29972
69033
88048
85116
97877
12340
26080
68624
150146
101156
49463
43790
141334
50433
164961
206667
149534
151752
18186
75375
111677
32348
189493
53650
105356
90642
217193
3161
619
26045
46085
28403
41023
169919
81944
181455
145759
145382
211963
53153
106039
67421
219708
84175
73703
104987
68376
5871
28209
178765
99861
199029
73965
24384
47160
50271
45515
146395
27476
218594
65600
13922
103694
172589
199039
116292
187530
117298
35178
55452
88126
120997
139432
5736
179611
75529
96158
218375
65310
153856
178787
195222
160477
184233
209202
76039
12870
1077
12873
49120
192785
188162
143253
196568
191583
97139
154510
46161
473
58898
91894
201134
125849
7412
18135
29943
111964
191918
164404
86780
93909
125710
168176
50874
174928
166008
17878
97774
35365
85607
49431
41417
132850
59410
207295
190339
195136
52771
44298
52371
37100
133389
115409
196534
43527
20480
207331
190824
111350
191149
216243
75129
23486
32538
59467
99271
135503
60731
77230
69735
216410
69755
86299
48290
148709
39687
139307
174211
104458
168536
23550
98052
147523
214419
117183
161338
14293
70876
141432
162616
176042
204388
38403
107399
99400
162581
206521
128403
7703
65876
153239
195315
96404
18593
47196
61986
47822
6911
5455
155260
128572
204701
155471
81747
137165
124932
215310
88503
115579
49057
66550
152269
207150
194702
210549
212550
202184
117309
185283
209810
60459
42053
32373
150551
149475
18253
2417
7177
138471
195604
145730
147363
110093
218646
165274
110845
200687
76808
146629
72400
156897
63108
14117
152261
198752
164617
7635
12699
52838
136128
24505
110918
177238
157673
91618
78839
98030
25518
150212
54567
87969
24327
159132
106813
47417
62624
55231
48172
193208
537
192997
218067
141650
10213
144262
85935
80326
119378
64962
188053
105173
142512
18592
61550
92118
81792
17554
169808
218215
186552
145501
92487
90746
168107
151206
64380
189723
162644
57505
175282
114870
32468
127436
215721
209940
113311
9668
71894
39289
153448
134532
57524
120137
156545
213403
125356
196566
48204
36879
214816
91251
49280
140157
175713
137184
215250
51125
51243
97856
96190
36824
117045
142132
133996
55458
106214
118678
105246
184318
204524
66301
212458
768
18381
89404
51233
211799
104547
210183
3855
71827
122474
108259
201906
189126
148628
208338
77942
143239
204053
162390
142109
60417
61044
166809
106326
24069
45641
182427
107233
11086
209566
22511
92574
218058
200080
54400
49938
57770
201576
78671
94288
71928
132130
9352
157784
115971
142616
28512
5588
128300
157168
2100
173897
69393
118632
104072
121504
57049
11416
33098
125214
192407
42290
11046
101194
99390
102321
128894
66273
194731
219951
41495
135479
195600
55513
162949
121646
141533
94296
134790
67859
200654
156666
100418
72263
57433
146940
149222
183390
121135
165549
131849
58619
76026
217495
215794
67569
154554
192972
204731
150544
131836
66066
166038
102269
122018
180612
107032
40187
61010
84073
220728
2583
208342
9855
30605
157289
52789
207940
105450
21472
32563
72679
62750
131294
141388
131038
109636
56237
215189
209907
32384
77068
29995
157914
176020
113757
136958
120311
192855
7068
59470
66666
6079
158643
195131
170835
49005
43317
149607
173725
83348
105191
42838
71778
166059
34166
105969
187904
154172
146072
56489
18178
96619
68727
114565
106558
219838
46541
1475
71
107958
112391
52921
123437
31270
45213
220300
142200
174612
77562
85017
141750
219599
46375
41873
134668
15922
76988
186786
68903
111079
178047
114147
173943
158651
159882
133030
34441
218823
124217
112789
220062
19571
30233
21329
63097
9895
3881
90243
137095
36570
37619
75384
211749
146232
20519
174813
181896
186057
180201
144726
20586
50150
18425
79863
45500
163669
18874
130669
162991
157213
132896
168937
88549
156695
116932
26104
174259
153558
201799
187928
209914
217273
188211
4720
65087
56797
160927
176356
27048
130721
138192
92139
138291
214942
195465
150037
164683
47752
148472
202432
125162
32957
110884
97193
173063
124045
194528
61093
90644
154158
2957
120474
76914
104832
30118
52799
47452
198536
165532
203266
101614
32294
95180
143113
131172
49396
86489
216055
208574
136882
177033
85113
28235
28911
135643
25345
217353
113305
41760
68400
188693
21590
132792
64291
130836
219858
72108
118066
44930
17312
156213
8547
195851
110930
115392
142440
8493
16459
10507
37869
218922
91079
100933
77808
91376
146294
94731
178117
83189
74309
82068
55976
173175
161017
182461
127415
71477
167415
166365
14292
187934
178283
110683
45156
156724
52415
101995
62479
59796
98917
102829
47421
207591
128518
178680
66302
109950
189604
73864
75609
86892
9806
134584
145828
171602
90413
91176
216846
141245
191139
34433
19021
184121
122389
40839
63693
206713
3227
89298
167251
210125
139808
160798
169724
212014
140433
102052
171527
86314
167275
10220
149113
100157
70601
171274
217895
6452
97105
217749
5705
200178
81277
84130
153870
98828
171772
219934
205323
144305
147280
202939
21563
93520
214831
128150
32706
44821
136523
100419
202675
122115
163986
160867
128243
218305
387
162728
91758
82424
17710
119971
153712
11239
37680
142478
118193
40842
32442
170558
196594
28984
149956
177364
53730
30414
210836
150509
173361
62563
157206
33185
92967
206689
112465
195933
525
32334
43615
93870
198597
62
178520
33756
89079
58049
50683
16441
10454
193677
79793
162700
90985
166547
209388
71752
18550
101856
60261
26635
164334
126929
147269
13689
100492
127957
53740
49208
172216
1334
175660
135738
64307
65649
210163
30050
98792
24491
164514
154186
185213
141612
17220
155092
89036
39731
4829
178041
197689
181022
687
59220
79000
52682
187029
74824
220410
32578
149632
195255
151614
102700
116810
184051
167435
215257
26407
157182
210447
186025
160567
5690
44585
125313
53410
38795
110296
43088
91290
17315
76491
182340
120228
29369
183079
192585
201874
123431
61424
216261
164587
71898
21830
82742
183623
23009
19108
153896
127576
208363
166502
118373
219970
217238
62725
191433
124542
6248
142422
52698
13248
188064
210684
144928
29049
188627
172874
86248
58306
21494
193487
173289
117244
210572
131408
124125
179843
178287
186712
135111
180629
111433
65760
13823
60963
114022
147466
120624
147743
112644
66070
103985
18271
20824
16214
217013
86731
25282
39780
119101
57635
184964
139261
155826
27892
95754
202558
88527
74243
188634
132998
9304
208829
45066
208792
95042
7773
139405
9781
35293
10928
155575
204491
21575
73765
115164
34235
191792
164129
116206
209204
150689
82861
93763
180103
165202
119640
154564
147306
178993
113961
80446
147645
24408
75372
55391
68087
26192
193940
90979
120079
71758
216202
51718
111090
198462
171612
27860
211829
28462
31003
104854
127844
94544
187399
25674
142705
154377
30763
103193
66520
76555
107137
169887
97607
24133
86548
125482
35719
28974
102319
10049
52630
107521
18454
210666
124156
156254
147203
121181
133453
110553
166717
182155
173496
47791
93845
173494
38014
15688
41741
188377
139571
52138
218744
102537
174709
106551
208462
59719
150419
209979
13996
144213
61495
81012
197549
157768
41241
84672
219665
131492
188230
218360
96419
56785
93233
110608
121046
28673
135196
182982
148722
147142
105930
35812
99514
65469
20656
46158
208136
54234
32433
186060
51923
146104
75398
199147
6483
187743
140913
102157
106625
176577
59030
186136
203352
197861
78437
219561
163711
35249
124
38824
82929
130325
214951
76980
102796
5269
172634
2355
141737
125402
57826
149061
154204
146689
1694
128280
1170
145237
4405
43733
134958
159935
28955
164342
29293
67552
193767
82410
118550
212504
111511
130068
191530
94572
58475
54897
140709
185784
138238
218740
109252
198475
149720
149360
91601
33458
118939
7870
57662
163397
77961
124829
14875
7902
123057
100379
217149
207818
133145
42843
149035
74298
117901
175036
33288
60716
208496
69508
162102
117326
198293
45674
45106
18357
100444
82359
3775
190456
103329
207592
194319
40435
176821
60601
208362
65833
72812
211822
16724
144207
148405
54121
165008
77100
146009
38000
37067
38345
53402
217790
128313
157283
17789
168320
143961
29323
176432
175609
114425
58717
40879
191525
175726
46811
180046
211126
166428
37269
200714
137685
139164
45459
46754
141406
149425
174523
54805
4770
111999
193078
8139
181540
123565
50290
51527
157001
190241
90474
180487
23015
45579
109534
86126
113603
161422
104269
127300
99513
168243
69252
88277
57344
72712
44955
125982
11200
62211
89751
128468
8683
13192
163217
64966
43964
76109
128511
183894
60802
82026
156833
152732
10018
70828
196748
172077
212414
182398
12160
155052
81878
25161
21847
187789
117865
98523
113585
198004
34675
112684
113557
218064
93147
111103
187404
45447
73674
41931
174056
153343
127642
192841
15266
28699
116695
22091
122866
127461
148838
183702
210229
70181
108114
3274
170547
183482
74013
20153
52309
16328
145532
149428
60416
37836
3689
29729
133862
182576
28988
37911
29362
212833
5249
210425
86378
127291
128624
177899
152249
43438
22496
216304
50434
101560
37980
31674
176219
35220
160421
200578
162794
153193
213541
105170
28586
5335
114357
23019
34848
124748
125531
17984
57685
68263
58887
125220
23718
121345
94601
214236
6639
109151
29911
28942
112470
160129
69602
83920
129592
217180
80344
201428
66803
130132
99808
102540
201420
63928
53329
99304
68920
68336
85702
220768
167506
58146
84393
197717
208059
54513
26366
193283
147202
143105
32250
39831
216823
55572
54932
110785
168278
217921
61621
206244
212475
25214
31817
170686
8727
189169
154401
185634
38384
64881
140022
56518
42650
19782
3385
106892
47709
76654
128502
34188
125216
211224
3507
135034
193371
91295
83441
89023
31492
42565
25958
1776
167472
217550
115171
19099
183987
175484
103055
207999
1591
19242
131231
62240
205018
151910
122492
167706
113477
110962
97820
102422
181241
23689
126217
126111
132863
47264
212579
23607
57471
154348
9219
123960
182184
47530
62117
157474
142837
203398
2146
55783
170660
207110
147964
6803
72045
22562
135075
188741
81406
129620
187784
197391
4725
38232
165387
69425
188449
25815
137695
201035
194954
52914
217753
187593
112028
85558
50546
57408
66000
54087
186942
204754
208446
23449
173321
199978
86069
49021
1586
65191
109579
1915
2831
202729
176713
188983
165407
47817
91637
41130
106279
208971
148411
81620
170900
159330
103980
59287
138381
22700
25303
67902
136838
48917
61887
5182
183089
21156
8529
97391
16715
53979
201987
41645
185081
130852
61198
63590
106515
13564
186569
158789
11652
169814
76868
214327
107831
36471
135927
218125
119433
96217
178174
216381
62681
61839
140578
219925
69778
186266
3215
202896
154791
116399
40237
16181
33722
11606
84674
219516
89350
187867
34782
118833
163847
137146
147245
182876
24550
206836
175277
145076
141791
128629
162094
132094
170235
180881
31481
163769
135935
198402
43079
90592
159717
189425
48640
128319
11755
92373
93514
132652
134175
49346
98600
37038
1819
37495
124163
199559
138078
67876
184905
121954
132975
203974
121015
16026
204029
125396
40982
177586
45951
177999
99146
15390
50772
113825
192617
39485
30910
29459
117094
181683
205240
57093
143570
153645
94783
108358
103077
42520
57299
152949
32587
158765
110137
72218
174532
122403
124981
89400
42151
69740
83377
165710
212762
95036
40480
29127
18374
115906
188691
189828
78690
13268
216936
7799
121170
97377
81605
33301
42148
181485
158893
182806
133777
114852
23253
89133
165759
138613
10427
85733
121692
170266
197866
186768
152101
172000
29860
47439
56156
200972
182252
88347
171294
187924
42536
137900
59120
199060
21596
51263
172949
100990
10916
136034
45691
207707
91344
29614
31631
74338
159703
162226
39873
85676
83372
158793
210861
206599
33321
11001
126565
28145
82500
97294
35432
191418
197952
202337
80290
209427
95667
39000
31712
4372
68815
216736
17320
46410
213476
89300
186612
100149
15144
37118
98665
799
62149
206828
138027
156133
9555
11495
21655
218282
124044
171745
155568
132707
85036
169102
7694
52486
193822
188950
64203
2034
210658
124781
48438
42532
54664
112848
198362
184772
79372
19995
78203
15326
159354
40681
48739
132274
73406
60486
105660
109005
174724
186671
4257
209055
127879
79857
60258
107327
183775
157099
84387
131389
118252
184798
51847
76786
144859
106705
208876
128019
80128
76638
122733
182338
129948
108784
62503
10877
168612
3053
174835
92635
203205
192596
164800
5621
7905
134580
102916
32417
80885
47117
97259
60451
33067
60121
40049
119510
180859
24018
175606
182483
199306
200168
64755
68386
180603
157165
216515
31509
209640
10405
2645
45771
88835
17532
31539
91216
27362
173865
185471
191030
134197
206950
143589
36064
70912
144578
49283
99578
123984
145252
137384
35443
27085
29922
111202
211202
129494
16016
41598
78574
176609
207166
213679
156507
33590
177943
210724
67502
154635
217536
185982
168467
50207
131016
78888
49185
29133
159299
213305
78928
40204
132472
161687
34974
67015
89976
88774
212494
145643
10335
105848
2196
11080
141176
46338
99129
148517
86568
8043
54069
43724
16783
217225
145719
87257
4077
144615
194353
8465
188279
150924
68822
112419
89232
150279
148416
117525
44710
172001
64912
167011
98583
192032
16445
131429
179411
171468
205421
151509
115954
116084
28832
98224
97970
40640
96898
5946
199509
43262
138617
68587
106168
210291
141955
127158
89422
58339
49038
152154
58565
183430
54563
112098
95803
193456
179520
47588
92401
63338
156458
77459
23174
135620
22852
134268
95217
110495
58042
181119
93524
192045
9153
2382
33666
50321
106098
209678
189265
49367
43071
4466
