52068
103790
36479
15024
31929
146929
71003
20613
145531
119279
216608
194171
83715
203819
108667
152889
192385
46775
60727
101971
200502
218208
210347
95481
20450
78236
195775
144596
69330
203868
16912
159808
19978
149451
164602
96368
122579
86480
82990
19229
117387
74970
144103
98363
133646
154941
214122
78688
91428
27326
77300
161410
13678
68729
150553
198845
31819
144819
162610
143400
208191
206924
110704
86093
17743
220700
97709
206468
99686
105489
43091
77306
57213
85578
219089
43814
75158
70050
189489
63634
38387
70489
175991
187612
106556
111474
136300
188965
13031
143173
182679
210745
22768
61175
68447
127999
55894
147063
4503
194266
141885
137866
132142
198337
57512
79992
30903
140023
79704
51495
152802
12505
122354
116940
184841
193468
118891
115659
141365
51965
98580
179724
34610
109052
41864
162782
6939
118289
203677
111544
42109
130104
219798
204652
204013
54478
74952
177929
9933
171479
207327
189166
134306
68653
74940
195572
62638
169165
36018
214933
9833
208373
17097
68355
66051
200976
181833
160240
50182
66376
54581
71347
153422
155966
201894
180187
55466
200063
150999
181575
206025
149905
106797
119285
163661
126126
89392
104748
29697
29876
211029
35048
142291
124172
188900
82291
149588
147792
40649
113591
18995
149920
81465
201568
131804
150006
143080
136223
153433
157808
164976
194589
85700
209859
213975
114320
9325
189055
49482
31741
142435
185102
217936
83513
175882
58766
94506
10860
48320
208042
155655
10664
219603
100670
44048
203513
8983
147770
194221
143287
13782
146936
133604
202348
167703
87767
214252
185993
79547
23004
169270
61186
149707
42499
142263
5956
45490
117608
211305
65880
115676
183208
4099
86838
92280
180280
55750
160983
26198
48548
14523
37214
161311
12342
139547
26668
111969
55246
219853
182128
38927
98011
192808
129139
131990
195770
173298
12269
59652
85855
87115
209251
187587
95133
147367
214737
93863
78674
193072
146042
71051
122125
220715
127114
131511
17778
83468
149679
109531
5516
5662
13006
119064
60413
219948
190528
48151
11596
127644
152816
80561
44919
76847
149271
22917
168746
210929
14998
169778
124166
151930
195722
179654
121113
209418
70398
9792
110992
140668
78387
215541
120218
158166
177629
26390
53888
92823
150542
151344
214417
44164
36387
114322
86507
182732
124416
178384
207909
107970
107272
128581
91568
35018
167992
108872
3056
126622
111111
23475
103512
153634
3783
101898
220277
214995
150083
94693
127474
35415
156008
87949
114794
58457
206557
126268
33251
144588
74003
139933
14498
83124
167933
29591
101570
196826
119695
104645
107957
138351
193389
136622
1815
183364
51708
97275
150028
89831
124247
49026
54782
118941
79577
10057
14889
215363
134516
11258
202689
172351
60490
640
12834
132739
128747
67343
45037
4017
17013
175630
24863
183370
173667
67450
81922
97670
84340
207325
22706
9440
113395
42997
94384
179395
65128
185839
95996
67145
35155
162503
187525
44402
158501
157534
116719
19345
183126
219286
76433
102170
173325
170027
161388
140350
138668
87540
117120
118666
34156
35044
132021
153766
27503
156584
189595
174187
211952
151674
120829
27076
92559
79472
162251
87941
29687
149562
24198
169964
180852
107105
24514
215663
216717
44349
55664
64545
201172
74433
98161
51753
66256
147268
175811
4625
169839
34729
153135
90355
26676
127464
187551
212787
59454
4470
26779
28322
858
116883
191714
33663
162276
207397
123566
171935
144494
26484
213551
145667
51444
17986
61379
28246
108379
189684
97792
393
114054
170789
211273
179132
159800
160412
135665
26406
107424
32743
153341
172377
180789
36499
210026
199627
140952
202601
103312
120351
86844
207225
28497
120408
178153
199727
77873
107743
176923
178059
172643
34778
187061
142804
204823
13978
156383
101846
41076
173078
185435
119010
23421
135364
156400
209634
88848
60170
123471
14371
122681
68518
128949
172435
90697
192041
92947
114886
147223
88586
41935
8035
47731
67558
55041
41884
215410
119050
78451
54218
39808
3134
153495
90070
162572
5342
183153
103768
216342
46976
111370
156947
135760
84337
77497
147314
88365
48486
185474
33313
50095
13741
152434
84965
51275
20198
29660
214502
202026
127281
140818
158557
189089
111313
214437
62218
115701
59811
180731
150979
3094
157587
167763
64593
94663
1534
50787
179461
96969
9689
47724
78554
36100
79130
207054
132534
136290
182699
159368
198439
63843
28631
158482
53859
161786
48685
131605
121312
174586
106195
90242
73336
75623
92114
1526
73291
97200
55815
41226
204843
58384
153342
37625
137932
121213
140371
72865
57265
211539
207143
205612
37889
42070
174753
155199
73603
26169
155346
12648
102610
159384
54117
133249
4180
82353
80098
35672
191102
143214
151227
118275
52258
182300
71534
88094
6659
149409
23073
125690
24622
82739
25125
137083
88055
44925
27176
2335
132927
102329
205478
199704
202422
202112
186894
56983
138998
135072
72634
73017
187637
207448
26075
49558
72606
72850
111227
165173
188386
9514
34348
58828
220243
109155
56736
128827
170094
49074
173112
179483
137696
16596
138872
147819
189067
195555
104934
89294
84131
123721
93641
130613
191204
203421
25727
17133
138320
962
214761
98743
84040
215772
21961
112483
189791
159238
50756
50534
183414
218062
198032
78192
129175
180054
166537
103395
200003
111450
106811
125962
143513
181845
69562
48843
141609
165854
105051
60671
95479
74384
70505
114577
22351
67342
157889
53912
153377
168543
38637
140632
160777
55354
154608
67388
161630
95726
196476
133254
14920
93714
119157
136254
108273
9129
20816
200727
153688
37171
72393
141782
165869
171688
130458
37702
164823
79907
102529
179606
178564
31158
116199
201794
56599
65230
166070
3433
184510
51074
150593
194268
127531
60670
125250
10541
170231
124699
131650
49912
67496
117628
215171
123132
86515
198736
159451
32516
151282
102342
189678
142589
103812
114933
147603
35877
58929
44281
97339
207678
106081
194877
111434
98557
146272
219266
138135
47677
91389
201043
87156
89138
111785
108423
86209
208375
131387
102071
214709
161560
163814
204725
207537
158503
186249
54188
98788
59020
173254
165853
165961
55891
216346
197196
39797
141493
39607
206391
173090
178311
154364
135332
124909
38510
175392
110349
14791
88497
164917
22730
186847
147445
39347
7240
163763
154768
51829
79219
4454
51487
14800
216614
206016
27201
215079
135058
127438
208333
38933
19027
146008
48644
81236
111168
87779
61265
196653
88713
205750
111560
216931
142071
98370
1099
174045
188998
131870
131314
30771
203121
158550
201587
152345
128052
192962
1368
92533
69662
152713
21019
130311
155419
85995
65335
27640
176769
86212
77106
128700
189361
31829
144663
90952
190336
209203
173946
183978
208608
182739
136724
220514
89395
172702
43999
204480
49260
139438
107907
107781
35005
86736
58353
44392
130386
148952
52197
192535
135762
78918
111041
203347
127817
96341
95216
121974
194887
182757
181127
71882
124819
10641
191266
9479
96929
97813
37060
62691
13969
69254
82779
170852
196952
42010
97084
187505
80155
93915
180951
1721
84818
150859
121047
36492
165420
62497
76170
138976
202987
190849
77180
155246
42262
75033
35703
158795
120707
41085
173042
22117
98447
211236
208335
16255
110514
38955
219162
12784
4333
156841
168281
78285
29370
183924
20918
18896
42380
142692
193784
106232
88888
38473
20063
178360
92466
190072
125906
148052
81713
9397
119156
64915
142536
190044
94215
178420
196505
14639
173180
214796
137285
185390
63695
161831
185705
109884
70124
185601
110911
85938
150530
88571
106535
181565
183555
179208
7498
143777
169014
205635
88752
15131
194534
56316
6131
187967
96399
41587
173588
1699
41658
105313
160681
66028
141876
10395
4285
52664
147768
116032
110666
6886
154207
50267
207692
175569
14132
16489
196777
173582
134813
65029
19255
114951
187326
212583
179404
215775
133866
217396
198897
185015
82616
155905
96510
184482
25108
60007
73410
45594
20112
132842
147571
15814
84779
164524
57515
72355
118235
85596
37436
101874
166554
30967
4764
148796
96553
119124
17418
32317
124649
198404
144642
42865
120850
97681
209854
220368
139685
7954
138081
100290
123202
27804
41002
127285
5111
64108
126262
101847
7214
15053
33343
104543
59210
118250
118481
7689
49979
76259
8874
160058
24434
34957
204279
125885
112152
25004
181446
178110
93103
111413
137202
1259
136287
8079
114338
194940
33097
180923
155029
141816
93413
162893
220022
19891
53248
143477
124846
88058
42802
105721
167556
107565
66461
133682
114939
136855
130195
159908
163319
61594
44245
139990
93962
110677
122838
14968
73211
56301
190722
172450
55115
28195
177932
6999
135284
36131
96851
111016
71538
17885
135486
61533
13791
202168
142660
123674
30131
9312
192150
189466
21586
166956
27164
112672
29264
193172
27204
183086
90639
209194
33416
132904
74204
145541
129951
123865
90345
72188
13117
115502
2758
136510
205173
1107
175880
178245
85983
84349
167670
49236
2336
197297
132346
127617
9361
76757
148227
56641
186665
108928
169357
63225
69666
180553
145343
46996
91463
63870
41765
182369
212405
65847
65501
18507
63999
214183
12969
119879
28421
167039
85401
214536
10360
149073
1878
127941
140939
65297
193500
117399
31272
6416
57896
13580
32849
142776
29933
76518
180646
150089
206112
76142
188866
156287
75266
137049
204367
98346
151561
173488
163066
124721
109336
76211
162928
132161
128170
186172
32927
113417
124248
27241
26234
182875
109308
197058
41694
148215
94326
143104
135644
8744
43697
1103
152338
116103
194672
174301
71932
163980
187357
123395
56435
69456
78097
118515
111266
49178
13242
153908
131657
60793
91583
38054
202464
81815
58285
69607
150310
22542
154636
129383
13875
108159
143958
168810
81424
219604
203255
147739
40239
123161
219276
15934
16260
48135
219721
219387
74419
23192
12814
186808
47993
196941
64448
25575
167574
218622
151491
119466
99196
212594
12285
42186
176926
203894
175531
22366
124102
82953
187968
216945
56504
49424
162720
3801
184034
154621
51197
37925
116375
90137
26298
23929
79553
101752
150536
76108
122731
4440
184090
191904
199261
78376
19452
3353
94503
33779
142472
97347
154514
150277
103736
116490
57038
171380
164972
96845
16344
51606
1097
86493
188529
201829
107893
58904
137608
29815
4674
171548
58168
110412
188010
44079
89377
25607
26163
8584
42580
182323
34602
106167
79980
56534
1270
42925
214867
59206
51373
101522
150793
190149
119830
146126
23853
131539
153420
205835
72443
64492
188066
106026
107250
164365
182204
88492
194009
110642
120333
170107
67002
172890
200240
210850
66514
2182
38396
126794
55865
153463
103426
51484
84847
72601
54093
209673
166418
125305
118538
135415
8406
141613
131848
187200
147777
29149
97332
219056
21207
123736
73600
88212
168424
36718
113789
84560
74573
177844
13245
147077
44231
88534
97619
141960
216021
68313
59922
176634
9813
218477
118168
201613
92991
124535
166985
31934
191343
100759
208055
168167
144306
213502
213469
71288
839
200288
48732
128175
113966
152496
50211
202064
208465
194831
94967
139737
33295
6189
125427
145180
195026
7936
193104
156512
155790
2379
1710
15470
91422
138315
211627
87112
116715
179823
21653
55704
49221
188340
220622
127292
121336
95964
94431
85805
145893
116962
80001
71341
117662
51045
118724
213309
183840
90666
184201
177363
120293
5131
219551
45387
158652
91104
32865
58092
36288
166790
88437
484
43785
29964
104522
110375
87377
169769
220091
52331
35983
96512
144141
151244
138447
206860
94294
195216
218367
6084
79239
172347
1569
202774
52278
98537
146342
144905
158260
180113
185375
197362
180958
124862
77333
137120
124880
211084
1426
217759
183595
187889
1188
158768
90050
61778
141938
217722
217403
90633
187519
60818
57851
7975
168465
66496
72550
57351
11727
36136
35922
177998
9936
172142
157702
125922
38151
53160
113627
154940
61991
216716
76174
81478
106247
53842
660
109448
143357
187547
134066
21090
200772
79054
49803
191379
89229
211457
173786
218904
46061
94703
10505
5651
46127
145842
217640
141289
210490
214828
37774
139129
153186
152970
37197
160301
183715
111428
45941
88331
80907
59665
122081
112491
46062
114386
188182
114072
155158
186068
128271
21902
100944
59709
112445
83308
39596
81876
152118
49636
275
202760
186673
171702
76542
23238
104845
23144
25637
151476
79019
43099
33628
150569
45858
43093
7070
185314
71272
178429
123756
33612
86404
200875
102449
189822
94764
88158
108880
202346
149566
72015
94788
29354
161390
170662
131510
31462
104207
49507
95497
31406
139558
195959
15310
39320
37690
8366
41809
140949
192469
3130
29486
94825
59073
8360
31328
18467
1485
117264
168526
184616
18247
185156
14241
165469
211527
100093
100071
213277
191337
64191
56837
191604
65626
85382
82547
129088
205398
44399
118963
150073
101961
32377
17401
142285
3815
139570
210189
182884
69716
1945
162890
158355
58623
87664
183727
5852
43228
155590
24297
76736
138765
219462
173397
29249
20725
148508
5888
32491
47348
59130
5194
96805
41201
169757
54335
147641
187919
168276
3633
116427
139499
82426
12573
45442
155609
88611
178705
55888
46210
186700
110472
122820
193327
126657
1161
69907
156137
112600
188572
191322
113577
80597
22883
126049
5302
151207
176325
38434
169806
70749
199573
48549
49432
214274
79495
38176
26848
133741
122033
110077
174186
78521
146847
80912
107384
178182
198643
11348
190705
177382
151663
170436
81874
54759
87853
205206
171558
174334
164143
4393
208576
157799
183345
131829
131023
93523
20568
63347
95490
131798
80911
70239
74197
91368
107543
207836
180449
110145
116034
66329
78462
3844
190197
209446
208048
136141
104820
141944
76821
182900
79069
134394
188813
169606
218643
9480
89196
210232
36378
150235
13165
207865
64998
149859
192922
38827
152176
3970
103298
17428
172901
25239
65355
84881
73642
98077
135487
139093
3539
161260
123307
165045
190859
202285
153461
202944
177005
172501
2531
18063
182776
158882
42193
202186
92860
51037
197957
112134
90849
41452
183423
202821
51714
54920
200149
110160
145826
10745
44570
153230
60798
203777
9383
182707
7311
191243
79470
133288
105287
191660
123845
116468
207922
77909
119607
34245
97893
138051
126349
163027
147844
180219
174704
134277
172851
208904
215375
196377
160565
2193
206918
220467
58987
31435
128198
41047
190783
66721
32290
16502
86827
28077
95451
202471
73980
7994
166715
91889
38980
206374
127824
204785
182420
190337
164074
112380
68806
86689
91086
102248
66202
165591
51072
89625
124347
175275
45559
76562
82520
126289
75580
179886
170875
190871
187464
83085
92633
191047
9029
98989
210394
170609
54091
109812
189974
159115
123584
72085
204115
119506
134481
35531
175643
155587
181595
169198
94751
15635
144253
85930
134769
72011
219728
56019
169421
203327
210953
121120
192916
92685
73262
700
15479
195857
31508
137231
105741
19338
93096
149385
60877
48312
151312
101511
108701
121791
155719
18260
211978
85518
44869
19141
183707
142952
62713
116475
1881
178419
153041
160403
80910
106903
163176
146207
62823
210851
38373
198999
133311
107868
51191
168528
25215
75935
188265
138224
91935
86097
215442
47203
99046
193603
120337
186745
209916
167224
119992
140898
121264
86653
184754
145640
9071
6247
108036
179171
23447
41021
216216
29641
134150
168198
154559
45715
21275
23539
17442
62289
102454
19467
104828
99631
102441
187592
174076
81257
7206
147850
159911
23334
20635
136629
62945
18439
173029
119400
214748
116136
69978
160626
215581
83780
45453
123186
108537
50178
165475
213312
197324
112386
4134
208247
34409
177207
186177
78829
214541
185930
89396
209332
160052
189596
28542
186950
58753
63364
190501
151184
68558
182843
13482
156252
180328
55009
88622
69109
11575
87756
118938
7155
161673
168089
168144
170199
189358
134195
134874
35450
169738
195707
177411
75797
133727
118815
145106
148260
80219
204407
112568
62726
203799
125997
53293
62269
112415
33350
123651
147639
217449
74087
19139
19443
105395
198484
176823
163578
148159
118401
160938
27507
161563
183858
151310
117089
210035
177044
5772
174086
164010
125608
34206
176621
78002
19142
126704
54206
206413
114616
130687
220287
93140
205015
53443
53481
57860
50916
52139
160909
93833
132648
167405
48039
46343
193694
49798
128433
51789
46433
189808
204058
91398
80704
12794
150211
30683
175739
195939
135957
178359
44393
217899
50249
86953
82766
159043
218958
52581
190577
194850
67693
166424
86137
11462
139968
89986
1640
114914
92269
147632
89175
165447
220284
147003
170023
149369
141592
199771
135602
215672
214299
191958
216219
61476
197386
88029
89271
147396
132895
69383
8394
77149
70499
162773
145184
220494
181848
58370
139890
160468
55392
36182
111991
218976
102129
218440
206825
66485
3464
202274
190118
145957
52079
18442
219975
118973
16917
153349
194276
117314
56711
52254
117582
127421
136447
124466
84762
138267
143110
63266
62255
212869
193573
138249
16548
202575
14221
93384
128235
60695
204166
43386
122631
157027
153545
171436
133036
211142
3267
131069
160026
112424
188103
106651
132949
136248
57030
198086
198209
68652
96793
40987
192588
57572
182740
140681
161023
47699
46555
4206
201336
3331
181598
100022
40412
115331
37347
8381
110378
82914
91931
202065
216486
30077
198890
7821
96189
116836
125749
145428
124155
27969
85801
175599
75147
200673
53034
83797
215959
91303
47200
164367
189143
142116
31355
105263
68080
93596
179602
95421
216908
202966
7176
151691
132131
180825
36118
70740
21177
187189
81984
172992
154971
130310
70885
91776
97610
111711
124766
40689
187654
162926
174676
19154
65776
21295
192475
216165
129837
48856
55985
100397
75533
201625
124858
36430
22335
142876
199693
123154
176194
77491
108774
136654
10898
49339
5608
148883
22369
184096
95065
211715
216641
148100
76307
3479
190386
2398
177573
177193
137885
11355
121678
53130
77588
214496
81253
182274
130999
3229
73148
94031
203539
3084
168321
165188
39146
114554
178711
38868
198665
193421
184171
179350
3545
215654
184812
124937
184932
53737
119289
111990
61762
43728
118202
136560
180370
210778
154760
164728
141253
192368
56650
142591
38199
85117
208975
172403
19708
128102
28985
167895
210001
32734
29802
80452
59344
198606
197188
46487
65757
65170
114974
34124
42594
68497
143360
209033
96428
217348
80470
14684
21457
172337
194835
23184
39723
213950
57016
165509
136406
7595
169260
35114
195549
11744
72167
18857
128141
162555
199389
40744
175089
206772
110419
122347
94923
152559
135088
189521
97593
28995
110892
88382
163958
40386
174242
169268
217604
218077
220602
61782
2933
216126
216779
138297
24947
35167
162077
202733
218181
133396
11836
8918
162584
57230
187683
159458
174253
175561
199481
161464
55440
214325
87742
166421
72524
78776
184634
72954
48822
157855
63819
153858
216914
210659
73019
88647
90562
96973
120001
53143
214164
59534
175087
23942
110309
25496
137886
1059
199348
73720
154737
61270
205704
190953
115923
151126
73724
162058
71412
160744
171665
55400
139217
84924
51549
154823
42029
168722
49688
23337
37248
219851
64429
56491
127407
99605
152660
51404
196398
30444
21255
76526
173201
199658
202982
128384
168101
32012
130234
8870
93608
112761
183375
158799
164723
50947
20858
199920
169975
25426
173248
68071
83627
106223
137215
84760
99937
108133
53773
14557
202146
8299
19692
58160
95010
127200
57024
36661
94400
106787
88638
126766
43116
36807
151102
48740
155169
204812
14741
136229
130368
145536
17785
155679
164284
30023
3213
65287
83943
64213
59745
158867
182287
51461
208802
19458
36169
36495
82982
106496
138802
12374
21369
122898
74749
8051
15550
135462
20171
1527
67144
160260
159816
115111
189435
93777
159629
44734
83820
164080
114454
15943
28570
18254
65989
217377
88531
162265
33244
188214
214539
149334
13045
28901
39575
132618
155855
63142
144217
134608
50505
62248
171617
60105
81437
37218
187430
218916
70421
14751
123336
11796
138801
107077
63220
143856
51896
46832
184853
33554
90587
181161
215356
39385
126117
8352
126603
32912
123038
30465
44915
81969
41843
174600
191805
10324
156591
159148
122566
46678
54236
19090
14460
189030
12653
150014
43524
69283
106160
48648
110939
135450
187252
106320
213193
212328
90028
146961
143951
88442
91842
145092
52310
44304
64257
93385
121006
125867
193334
147625
179960
54730
29202
35214
191538
26628
31671
115727
95681
176679
203933
132813
36301
129695
818
122160
197034
182075
36826
142292
143409
157435
125070
106721
194879
210963
62188
131335
89251
131196
53057
214171
81651
208905
11661
32960
210997
88360
62473
140438
51810
190771
209479
196669
118004
115739
102118
116183
145948
30478
112443
170389
158408
177934
81166
94621
50308
23640
52931
133556
62535
89288
104898
177161
158861
36656
130161
162277
94240
80220
88734
121797
79308
217766
168248
15750
157178
54450
108003
187054
77362
88576
72397
93836
176406
207812
131761
61345
159044
61764
34651
106899
77007
214490
214843
124228
107238
218972
155574
80941
210690
65590
64818
108000
212807
152694
80544
170339
127907
152615
69714
15336
42947
82640
101972
117034
79839
57903
169267
105404
189680
107509
89603
55698
139733
24205
52593
73311
124918
124574
48044
12314
212779
97072
185012
214099
216675
171104
77955
79674
168758
132128
34220
197910
18545
88840
216759
86219
160135
219138
97724
213963
82833
205289
181593
85619
11352
78946
39395
111435
107597
91837
195819
199903
96932
176711
36075
51089
50607
134326
152964
34168
57945
58022
55134
82727
197498
168460
162983
151448
41946
194278
165504
66188
141590
145695
78789
167000
14728
52518
110026
151859
160760
63751
113027
59590
113997
181687
73931
126466
139014
125604
181458
213286
207995
98430
202878
60739
73423
25686
159786
90933
81623
77058
113399
162162
11099
64442
122377
7942
177219
45013
150261
160361
141621
75118
139910
111480
120681
200921
2878
187373
138467
189959
25585
66206
79552
88946
43008
39844
143944
205163
162721
80734
150171
160189
7382
85606
35440
30042
10818
16970
35104
79172
18497
131468
83748
190489
131908
131568
55676
70262
217549
143600
135256
109221
151418
199763
183710
173580
118885
66998
194856
40557
50445
217867
64473
92047
105290
153168
7089
119330
108447
10981
206960
85038
54734
142246
65531
75986
171025
204501
32410
101432
111213
215259
119589
119554
216616
70728
89478
92760
90977
60298
44637
157603
155124
136658
106328
44242
25260
98617
18993
135932
202379
174061
90203
161000
189991
69294
193443
76762
215909
9318
52850
15519
130725
79431
77572
69923
10923
150561
65054
137934
216655
197122
41266
125658
93191
119831
201802
81914
147211
89417
78982
113135
84692
1057
203943
178875
85539
213132
3888
210343
136781
214433
69036
107982
11055
188590
98032
40663
92093
86850
61552
190822
136194
187018
152586
175536
105974
2209
55680
220222
90291
90159
141124
200708
14128
68329
134840
153479
181699
211038
190755
163335
151977
176338
106245
123764
139038
79524
200574
86750
196567
162474
154641
86570
137198
6408
164196
188400
142020
69751
151947
132217
110910
209560
96552
1828
140556
27481
197828
62568
97307
124698
219215
140971
192772
31473
186255
81549
188011
125209
152791
211491
12600
140272
65681
207545
213428
175594
184545
119469
11740
114273
97463
104375
13489
17105
80312
50215
80882
80785
36587
1826
192578
158756
7682
67061
192929
51460
147495
58180
150854
182925
5781
65517
101918
74804
53170
137598
75272
111897
126931
160086
88412
51640
160694
86636
111174
6428
190063
191827
218665
16135
118465
210674
59293
69615
179430
130627
44205
114770
9977
19757
189667
196196
209110
131950
41657
36526
19013
137497
164741
124150
214692
92625
3296
175260
23676
126064
190010
33721
86627
183972
54374
69321
10953
180395
206437
85670
187167
217066
187566
85957
46488
93422
26990
29870
217214
96302
209420
90464
203609
192315
212497
98763
153452
65404
43173
164589
77509
122639
51418
193284
116804
34211
96018
139986
140567
115188
91994
193504
119937
148658
43191
110697
153225
37873
57021
196200
160773
2005
169506
64072
102426
4584
157789
198174
217027
142748
189814
96307
75915
18033
167160
65717
191609
100535
107914
102515
34527
141847
209039
207305
152721
129554
172972
129876
184057
201659
4238
25502
52224
107445
145908
217597
123041
103986
135867
117279
80524
44692
104467
62708
45548
183417
220298
165113
142214
140480
80993
53703
201680
151586
111904
55795
201145
181023
62786
113880
142423
80955
199016
118343
60837
103291
213300
216645
166893
94003
166114
120300
63851
136149
1784
84266
219437
85109
134632
188955
51958
144618
57475
205555
192536
187998
131227
131927
121266
152361
35449
170180
181715
216453
93512
108137
148355
81775
108602
51433
113268
67644
109070
203927
176951
113119
34654
175867
163787
142161
15684
30536
94727
71387
200250
168311
71402
26110
71058
39691
83300
195804
192180
20621
216516
164900
162099
91338
48629
4549
199893
100667
41952
177202
153014
164927
104052
64102
215560
137284
140572
199221
8012
30165
129211
117591
26967
175708
189568
99889
198054
217754
8166
190020
163005
129021
109175
102875
25822
161092
35897
145209
39352
75343
131652
75934
147133
217803
185658
172059
191835
37469
26950
47354
197085
94028
194368
210060
33133
42932
28064
90937
111471
75305
58458
55582
170250
27798
161999
107326
135296
218311
110640
58480
121931
216129
103034
170061
24469
185683
79485
199567
63288
94812
182350
70788
77972
202162
37376
190185
68034
20841
125868
114580
182386
194459
180909
57169
38184
197626
74016
80761
170590
200272
24499
22806
37901
199394
157866
43742
140592
1308
193232
60207
22785
155759
69302
74207
206060
202424
114510
99402
135325
200894
98910
117090
55701
198315
192316
37077
106732
100630
101566
190081
201380
74460
16816
204153
96986
169364
62671
63264
44082
150464
26831
134303
218981
3697
144961
180179
220200
18914
122271
95934
208946
134837
214408
94668
211500
67158
162779
112441
74179
138390
151458
139446
26091
190648
116803
215719
69155
120461
31049
9834
19632
125271
91372
147601
126855
61950
153012
65885
86030
6549
25793
178461
49192
1978
198056
115073
188337
43372
134917
76366
146563
176309
193599
98632
38106
62632
77911
89754
208521
54628
169913
191872
132421
31513
110215
109001
16857
205770
6065
192468
169965
165793
67561
84844
56442
60655
220432
75089
47550
98290
79179
165741
23433
194324
21425
51359
58919
79779
19547
42810
13083
158268
87745
41631
60017
150252
94908
91412
216275
40523
110274
178611
220435
188125
206724
91348
160257
81801
31557
179678
197117
8200
1195
62999
220358
190519
15757
89782
46121
44733
156457
127564
43063
171024
146830
51971
129464
170035
127910
30862
203694
190144
192520
122088
203823
89637
200739
60043
141773
101004
154470
165356
76467
116796
154107
179531
69818
194763
64699
214036
19950
158274
160346
120360
85845
159455
148691
89752
95955
45146
1817
92350
159608
127059
99545
64196
8104
7686
127833
170810
158634
95913
49771
62938
210328
166453
208758
23595
124882
66132
42550
52361
193858
141651
195738
173200
84885
70952
49703
77871
182352
139361
155065
102298
209594
158347
202233
21155
45455
57111
8969
108446
107343
85844
45669
124963
161320
185557
117761
93323
146863
61218
45032
84722
5460
135959
115647
137488
7956
60433
86582
7031
177031
33868
171403
178833
148496
214611
100041
5878
36797
49255
177690
191453
34011
16606
34649
207503
182344
119501
37937
179779
109631
75958
32820
108374
88964
130362
30663
102968
58474
88378
167285
158688
169607
82078
154660
114600
43900
218194
33
140409
151508
148208
194425
103797
193146
150650
73245
95406
112754
1041
218283
108649
59861
48933
138857
22714
112935
71257
66358
20028
77725
95641
214132
95379
197700
98817
194932
190
61557
86512
15580
203083
21243
154010
113467
32558
21978
93611
43188
36636
102951
128925
112045
185753
69141
116727
96115
181068
119659
70966
196548
68780
200630
14631
40662
83109
53719
158017
177348
102543
172157
195071
93818
189528
124438
126443
135170
197703
22055
198064
183878
209247
37317
181630
37163
140439
203276
216316
182278
123952
209339
101148
43106
83413
198725
105662
46621
182160
157506
212267
134928
90771
51605
89206
17308
37624
48858
132521
71419
26272
115140
164429
120626
58590
120545
198193
78051
80571
220719
100268
127433
167919
167809
54468
174636
147933
35341
2927
128985
24620
81657
152488
139345
199625
186139
185
111899
83213
53576
12117
174335
90930
95565
6930
56722
1937
153338
64769
144864
11390
211617
168858
110610
98208
121595
37162
91657
62835
213268
123892
50805
71439
143034
147681
119158
168502
33582
186392
171491
89732
139504
142271
164720
172837
82656
83510
138341
82596
210277
24726
41561
188609
175901
114719
5527
2511
145177
181984
213379
13338
189999
50099
9674
64278
17767
56727
191190
106830
136700
112164
54974
192322
5363
147275
172713
97590
35258
39792
33717
220565
178528
207372
107933
106089
140792
117931
80052
55017
161912
182041
45369
42741
155298
101638
183484
174538
55551
23434
33623
160834
115128
70486
20487
20984
45648
73510
144293
70318
76740
16983
123450
103725
49640
210215
132237
205514
2451
38369
35389
59533
129908
70669
162526
128371
116807
39974
122761
133958
50503
50285
147943
75084
219651
139787
10467
140641
160766
80162
171461
115033
73239
175795
94141
63251
150106
167953
128387
88861
145696
190890
130928
31322
132456
188880
10392
26130
20137
43148
154149
98519
33548
134667
114378
116017
207160
48851
214035
167853
150229
166119
11037
1447
124480
77885
199454
12894
183678
98107
102303
136769
13250
175360
39766
130737
177037
87782
79953
166378
181645
152783
46783
45746
126050
148964
215402
145658
196310
114224
80970
202975
146890
43715
22892
73390
72286
88911
110803
114879
3154
196530
166463
64350
206257
122526
2144
99197
148381
102873
123258
32630
133869
154250
195107
173188
40123
76910
154282
93172
124369
25365
109033
208980
131999
191995
76800
84628
168316
23910
29489
158513
57813
70970
14349
24889
64783
54399
39416
70000
81680
174567
193017
218696
70734
203700
7787
15237
82972
85648
14365
2836
143499
190244
134662
22916
180143
70523
85907
127622
125720
160125
56205
70670
53672
151589
130752
213625
69555
54085
25150
1540
84149
58988
112553
394
170899
14151
25615
178109
125339
156151
50039
147701
15129
25570
77032
11684
89849
131962
8495
209437
42453
69988
25032
91182
7148
102839
65869
8403
179631
81593
162599
70504
92319
114648
126574
107472
155708
41997
94140
189934
9288
49783
13562
56508
36957
8342
169393
184040
59081
116033
8026
145353
27064
145861
36857
15500
37574
94311
77047
70813
153238
67751
149817
87381
105710
37320
124360
160408
72521
34447
124603
58101
133842
152393
161372
190233
102939
123367
103581
181427
8135
164770
54045
79909
155843
165667
168478
172273
206124
216462
130578
45552
28796
53125
40003
8121
144573
180384
195678
129411
77360
177482
14933
69021
75769
151004
191707
158673
47914
175133
20352
85773
130575
17615
7401
92277
33791
128256
74454
94223
155102
86427
93252
16662
44799
126242
170506
7042
144468
159772
98469
170128
120455
48324
47586
23249
219494
105379
51221
59075
96106
110975
30482
53359
51285
105532
5018
161481
130229
197168
5626
49762
220666
195661
112555
217090
139119
193388
63734
105581
82638
152240
148284
37996
114611
180269
91301
216100
204767
179215
2886
57402
94492
24245
90506
195476
138782
126498
170024
199882
158115
4181
138692
56
118618
139326
129409
22194
75188
61580
33696
116413
206390
175010
48718
198232
135642
99306
146549
59584
27606
571
73570
170141
180371
125590
103718
16204
125829
123722
99571
144359
191209
169170
114061
15243
175340
148779
36141
130038
149235
133524
122019
2855
65271
81438
94723
45460
49115
144805
84233
94649
97456
68107
167729
155713
97511
170519
93881
14044
74222
196864
204969
67054
34552
131037
79221
69180
190080
183602
75086
164293
124075
16682
195616
189273
145415
167086
86292
52035
65758
18201
185674
155908
75496
9337
165079
79836
64615
81187
14481
36851
31276
147140
25700
160946
175538
131384
114160
164389
77943
169980
185352
187047
21747
122660
79442
104150
53396
207701
116022
189112
138549
35684
78054
72587
109830
146510
156626
21976
63122
139179
71079
19169
20006
183265
217940
121306
186222
32671
138427
133185
210747
148418
199169
213900
152663
128807
212883
106750
216262
101731
12274
144393
93084
106346
99465
51666
206293
174166
105829
65049
95751
164725
190250
119670
135178
210826
182067
44249
62673
88915
39533
149636
124063
96795
153445
56407
156423
117541
218962
110816
184181
20848
149317
180980
146111
182544
40671
101408
61791
147967
185610
67532
15542
52557
125102
100411
207010
137086
116460
93380
129850
183361
189046
186839
100353
176571
14512
185176
46445
136233
48942
197243
134295
110270
24216
184706
890
160942
130044
187304
78269
107727
220754
53752
42996
72197
154526
94543
207539
185836
66751
155407
84880
206538
26910
71365
87147
118378
153887
19695
22341
219035
185941
39481
133460
8040
41791
9476
167526
56749
163095
27704
121969
28267
70923
208957
151058
71720
29603
60076
111801
219742
30754
159705
35899
106345
103032
85468
213142
63324
22076
102226
28345
45171
176517
96081
126577
84734
53715
86326
199056
82550
144439
85346
60240
119197
71140
142439
207968
9756
70997
56233
95486
188057
69892
140822
32403
167728
197832
62961
109990
198504
176695
212499
172852
23445
213866
198567
60423
5727
270
54756
130889
67201
80370
197187
193167
160122
177021
190385
211554
123308
12409
206753
101204
71986
74702
212477
163664
148925
9743
61384
35879
111846
9975
122739
184124
208985
208899
70054
152541
66945
152160
175278
73329
26288
128483
44037
98459
110634
203610
165516
52910
191809
205708
174332
47441
116594
157394
24323
7476
83277
107526
161139
82389
214052
99039
188420
146088
69211
34713
69642
13139
70747
190066
182034
186801
63572
203071
53309
100337
59508
212881
207345
220127
79806
208919
202845
162011
140331
197522
8508
105140
130557
24693
152239
162041
122490
260
175067
206760
37225
169664
177805
194567
15905
54543
130040
36542
81824
121314
214767
5301
33280
125150
98682
159342
96402
89132
78741
41355
150952
115556
147877
63921
15029
51265
217023
161050
89360
163572
188991
3350
123251
178956
171408
777
207322
137616
62093
157384
183024
11857
214004
10930
6852
89030
217652
42137
24233
191344
127513
188484
218926
109286
198177
190082
108523
150642
105659
16467
12937
73263
126637
191594
102273
157254
27212
193010
196232
151490
73817
198840
107691
28610
32680
61214
147706
165176
138630
61673
52551
138652
212412
169377
148084
3203
76501
156379
156239
166265
114722
196931
94385
54164
165852
219908
212566
184755
212140
155337
45595
58398
90917
96232
163534
16884
27258
149392
55864
193062
133048
9070
48891
56261
67519
77804
141313
68953
119973
7464
204595
50877
18161
123778
98071
196326
216436
122459
134765
111833
145213
84571
121918
119395
145795
135253
170944
111093
44598
207478
55609
36837
189840
12353
50231
28885
79217
161394
66398
72255
198098
57655
157711
190827
49708
68412
179201
136664
100838
169916
78532
177432
212768
199590
94428
193001
153778
86324
50721
63665
114980
176288
124445
197745
14886
176991
172117
107081
35110
129406
46054
48335
72998
159807
68319
104848
219676
11190
66585
22161
96162
147842
41376
95356
120074
198977
2967
14383
133809
62299
195435
197539
70215
111391
184234
197816
137449
85108
85876
79936
32397
90124
182223
163897
87971
166979
10586
212310
29399
33317
137778
65663
80042
139978
6704
21409
188517
4726
63083
213333
21689
185478
28556
176463
13584
14585
22694
219127
212957
106864
17527
50931
9939
54609
121763
116870
193066
109096
40223
146589
48383
148742
62087
88711
189775
162281
143957
92717
192762
188042
90991
143773
154295
59426
174710
136655
43772
192794
113061
113094
7718
165069
62308
103653
138741
32903
98436
44041
96897
30430
130356
56315
140166
7442
104457
219815
188376
141712
26019
102343
39118
134953
130387
120015
109102
198345
194714
41691
92966
86833
201966
155981
39464
143321
66799
90523
48357
135174
149020
121623
193756
43308
30099
4226
140735
152284
90478
99303
35800
187411
8814
176122
98684
83594
118463
180627
204973
197293
11582
182200
165278
204347
68574
147412
140298
112018
164757
121230
53316
119051
117576
214736
124087
54874
82502
133119
88613
178169
218908
179679
219901
81278
149283
213463
81669
107450
146865
134022
162219
16117
141153
207890
180273
139655
191493
204665
27218
139594
195321
25667
210334
21539
50943
103418
145975
205485
6590
123624
4789
21769
16275
13366
196255
179722
60158
142151
83290
211602
44039
142540
108056
43771
30775
112409
1178
75058
151031
114327
98084
175510
127390
61304
148755
123459
200581
21730
99211
83027
5448
117444
12188
35646
24289
139090
109296
113146
188288
181584
116733
17417
30920
78842
128209
93500
192593
118458
175602
11598
53543
52825
155291
14321
52721
90698
175495
72876
38094
75522
107087
198512
143067
126395
44673
54835
50617
82202
100757
76941
108350
178543
72026
60924
147283
43703
156141
25969
46504
188580
143403
182392
151690
25262
46968
7921
81221
67270
13802
30479
100731
140312
158084
68335
215844
140184
160966
52431
135566
20207
78169
140061
216008
126830
173723
130315
170781
79848
79990
95313
44051
65617
132097
156541
48049
200079
136103
202208
12899
123158
77825
190303
59797
78463
17617
102983
107060
109396
143989
217145
182620
59896
74830
18413
105347
127146
61805
132450
1551
140056
148088
139180
206734
185786
65260
147015
10891
165426
3280
81150
90027
214318
127064
38466
96796
68212
160650
17461
166657
5266
165740
70633
117386
195148
183696
109230
184382
14367
36581
54247
219660
151035
187342
153310
52567
80300
199044
38143
165290
18209
127487
163972
56166
194223
187314
202547
52857
40129
7338
50737
12977
95849
169034
69136
82388
158465
78149
65484
141007
87772
80285
178641
214040
51267
145386
117738
136048
192386
177631
152143
5691
47109
213424
7080
155449
139702
12002
75573
98745
64626
106691
69845
168075
90400
69591
88022
121747
35437
19409
44670
211287
99176
171669
7062
137546
12760
172260
179019
204771
69905
17903
144946
22145
33002
195226
7851
13532
173226
36090
86942
178770
164670
87560
123071
132829
133099
72792
158195
151029
173198
96991
79972
5960
3290
110534
70545
35832
215162
105454
153245
23544
135361
72898
99260
196630
77147
41700
215048
94779
146295
70098
50579
73823
100549
217634
155189
177549
43868
62780
83319
170412
210735
219121
69077
27426
38308
18133
4289
112690
69668
85327
190459
154932
98232
50914
109394
26681
151581
96948
201076
173146
120177
209830
180713
159556
34077
142658
128983
174441
69049
95807
114534
177442
74177
196156
35843
136024
184557
206179
24559
43483
187438
110307
138372
208979
21941
77046
176113
29732
45853
8272
59056
7361
58369
148561
158060
38464
144973
202374
67189
46185
114008
189931
4330
195305
98686
46883
140140
158171
101588
60745
61247
182894
186523
64232
195102
48411
186374
46938
195001
199164
174815
146968
109185
7559
49904
18658
93152
200523
170965
193426
105963
171338
127265
30286
100939
103712
195640
101782
112124
27605
153329
62795
199429
139441
182731
130516
119116
23190
87262
300
5022
183887
203651
74948
21132
119845
156266
107771
1959
61283
206687
51663
163863
120891
71874
116570
47520
102819
206848
197683
9483
159465
62398
158877
8847
147254
129868
91847
214455
92160
22446
132532
11733
111972
167262
125227
179030
168049
149307
68120
181815
180276
168073
12349
90093
200740
170089
58300
175808
22682
208176
36046
158378
217285
199041
178635
180753
38257
168999
101750
99300
196337
152888
89744
56312
102667
97032
211307
52214
84427
114515
180165
43802
214195
161837
66731
63497
121392
138280
216651
12380
75208
113852
2042
152735
84897
170113
58810
7765
98514
53068
146462
110732
152553
206040
168332
28477
156818
40055
26359
95770
167464
148243
45196
284
91004
212317
2837
66885
174891
187843
88789
205365
198527
87304
126526
198023
206314
9329
37012
196488
68912
174555
161299
60419
178268
149965
83465
15558
36197
24822
13815
160935
97148
49421
63062
26454
188306
88715
138322
96229
16677
189447
123338
214794
65040
92650
199075
99102
85389
87552
175184
14310
193819
78794
20750
19214
206784
101098
214842
109129
186218
94210
161108
106077
146921
176574
51090
79827
103837
107820
102889
48414
7947
154662
84483
194628
92057
82654
80431
12832
114446
58404
77446
178371
30843
64778
211445
48085
8271
6313
115641
110529
144687
85135
39354
154828
76706
209970
122783
85500
121904
29215
172420
196298
203753
202623
104784
10346
169576
163278
20269
19337
807
119444
18089
157817
172965
197970
170889
155153
112937
153287
36476
101201
179729
167640
78520
174719
79925
175083
186092
58996
161769
36350
212438
130053
74571
67007
12509
199636
120983
184126
3761
63418
219000
85830
144535
23298
6660
70004
150830
184140
189056
154521
187478
119813
17746
187196
47062
92351
27357
109682
44501
130252
175537
119419
39450
33605
53756
202120
170617
71930
28789
135191
19363
81533
34944
119184
8570
39735
84439
109935
214444
143025
95804
49935
84216
149556
13473
42238
33600
51940
16439
49017
32861
108494
209518
97388
55070
120413
6334
134544
123676
218547
32605
160042
14472
84007
8260
91068
150953
66364
78333
11235
5429
211480
99638
52802
18395
137046
110159
115280
163439
84603
206751
137940
135171
219709
121972
164839
74568
9145
147912
63235
19046
45789
52131
130553
75410
103532
54181
122843
138701
89209
62051
49083
147529
88501
209540
215614
10490
174733
111028
217616
150404
146110
92928
195352
133904
16801
196376
80071
141502
51809
188224
164037
90629
131407
4707
122824
213380
150846
176311
24547
73575
141811
27769
75352
110738
9825
2181
72852
36956
33096
136002
77388
29708
191706
39828
194846
155478
114423
76159
136788
33461
173599
115623
52448
134575
119259
66588
171768
92400
176592
67286
196331
121175
167215
95802
94998
156307
180310
192348
87771
141945
166904
80170
220419
100384
169087
135699
135666
1267
124675
1789
166195
192319
21050
118467
153044
30822
130867
127194
208204
26123
47728
65955
83883
53112
138095
86114
38086
173999
168961
73472
217106
1946
11615
37857
167387
172741
122765
194258
77474
79675
204798
154949
82960
95881
41126
102549
204190
199821
21030
194699
11772
45837
94648
139671
205938
160832
70468
181952
46208
55601
141310
19589
68715
86747
122450
58284
191881
178260
48656
195582
120833
162023
76764
123806
209424
28076
217830
137635
8592
60585
176442
5913
17856
51837
89428
87306
175338
10483
186381
121778
51247
32917
1287
76713
159050
5334
162396
182291
2932
113571
171002
75209
213076
121210
40041
19550
17254
131689
54419
215317
189160
25464
132723
100773
216748
58884
79975
127698
121242
160011
127676
16507
145376
122576
96283
11312
36464
25132
39738
51204
137769
109442
209835
146011
41570
74275
174641
103319
176666
219168
91321
120799
132185
180993
34436
26114
112354
93243
137347
165451
45659
185636
211891
98965
205506
111784
76277
147857
7949
19840
201273
204557
81614
175402
26553
42281
117952
34017
75661
38993
106978
18794
12250
206309
154226
75291
41245
188305
176098
130628
62959
60694
134190
34677
2052
161866
115426
40108
167522
159154
14176
179775
129012
8016
49153
207222
65533
115203
36410
191221
173126
52
169613
142601
50180
122178
35211
48206
24966
103301
105723
5951
47703
170402
65815
174430
13127
74233
51596
114807
122622
152695
46101
212743
59888
101707
126276
165380
135421
218568
66552
24765
191649
145911
200785
62759
216791
36026
186438
174699
148148
213341
72853
80365
12569
50690
108533
28298
178804
95160
147441
81429
99337
217688
43681
170867
207146
105326
111199
158721
48212
160518
121996
14564
179623
130070
207986
8641
78619
44090
66809
137387
209207
148591
122264
9006
201937
182306
62049
80966
763
59361
49598
192825
207
81904
54841
5238
201981
156668
204952
141343
154613
116407
153866
88476
91168
184677
219484
66110
1949
62973
139604
132247
163281
87681
140922
141409
210134
71075
190706
186318
76058
117484
166063
81652
160280
88568
200516
112523
212138
123342
51670
12174
182838
59560
36209
5031
136372
155175
200613
3283
6896
216793
124182
63296
19525
208721
105960
63470
107490
173664
2918
219253
189730
46907
161488
127086
192194
49965
176742
51360
179994
139774
42917
186747
53934
73393
121248
116493
174842
52246
206300
12330
219014
130917
33019
120479
183700
207654
18527
104862
129532
167074
4577
131077
210553
5477
146001
40092
23025
13530
213008
139672
165151
107596
166333
62133
136405
94742
104031
131200
33248
184281
176786
84208
49257
92302
154240
29859
183256
17116
95333
20140
93348
13492
15839
198009
103245
21706
134127
13159
5067
25018
215807
82687
135691
151361
129992
7499
8141
163891
134483
28431
143078
28641
152475
202399
168945
160749
137922
177578
13186
212421
49868
113388
74832
44462
104674
55331
197106
4014
181498
130185
10435
162202
199043
174501
163881
151246
183962
110446
128959
94136
81948
146300
220564
9055
145283
205634
165810
116126
168857
39103
68009
92415
195950
55981
173340
2981
8376
35886
109865
32682
197230
78796
86140
110428
185972
93977
149100
217886
39126
41086
34093
50238
160898
87952
94574
146123
39413
99765
49862
145020
23162
160410
189420
113946
54678
204124
163903
143450
202807
45264
100137
82469
34131
143016
94523
130140
160593
68446
41199
125984
127049
93553
88796
208712
31888
172024
72756
26043
110951
184561
19904
449
32932
156281
176975
137022
115306
117227
134800
94679
24330
97958
55114
153767
192148
128806
82003
3454
166884
51453
160328
148327
48919
143532
159820
108080
123691
64161
104744
117802
75783
90460
87318
5116
84887
116166
90544
133082
207655
205217
81097
119377
111759
28685
4518
70972
96705
108744
44018
43280
49206
45229
185934
132140
138551
168006
196609
179293
160487
57938
76323
49886
135221
185037
151934
118017
43936
5546
141873
121277
60179
184516
173986
65524
195456
158884
97315
203312
42121
207745
209262
167176
76437
179730
205748
23581
159525
6208
20202
218356
184166
141479
211801
119968
41056
93245
160982
23109
119319
187129
59596
155480
170052
113130
81781
51367
8667
174653
141736
25522
67834
34937
135270
168512
5120
81689
160221
159484
45569
130036
218925
160635
156639
191542
94573
133217
26804
190960
57148
209938
104534
81067
199124
177530
61321
74255
74143
179369
71627
204563
178602
97696
11692
62298
138682
17423
169069
88991
103629
183542
185632
179332
104046
29736
113147
13068
116802
161559
215732
25750
108962
182429
24423
192697
104240
117599
201089
120448
181599
132222
194104
178989
31976
148140
98000
209622
151545
122056
78180
8491
140265
33440
101886
50582
207136
136531
109287
52942
61573
60300
124341
70603
92025
88710
42890
12515
179754
8820
218029
123679
175043
17282
3196
176461
62859
156672
170214
96621
44743
117423
215394
191555
29259
23523
35168
49002
13032
125556
141126
94034
29568
56613
1883
99613
3984
218663
172026
118152
123805
59790
85521
200314
75381
73465
162768
190400
132718
195258
182220
146698
24657
44643
135475
28682
154790
92307
195887
202818
208903
120396
159335
71911
208843
101580
143840
6110
219594
154367
187810
117806
177988
169098
187795
100450
27433
101393
19968
121252
154007
10041
129167
87000
40132
85898
204587
55066
159081
37707
180246
201427
133038
195671
38587
183339
54952
184133
77087
195285
240
1024
157116
179793
191405
78241
80025
33977
31826
165604
90582
195181
147537
46118
66137
94361
204710
83676
96823
157872
83640
28830
190436
68445
137500
40476
159538
109986
33153
90290
105952
183862
112602
81448
198955
121571
87812
186021
92687
42813
101456
122149
106312
68365
54776
159293
8126
148806
83100
49164
14125
188502
188602
104372
153115
5799
47235
46921
64718
219405
63540
133344
187824
72247
170364
50583
135751
9331
196077
215830
156177
203283
11670
98264
39166
126753
209139
177770
136607
24655
48461
57809
84832
213632
90322
139699
104361
110106
139610
101947
43665
22421
1001
167967
77558
90569
155769
205102
183271
150796
209190
31230
94167
107040
214982
150038
55367
186394
177171
110322
201892
20055
188718
39711
74175
188999
85318
198815
62480
117859
149503
75330
48246
173312
93738
48520
167271
62374
156593
189538
69015
158694
31308
78792
137044
210013
4060
77487
174290
70652
210704
218408
148345
76675
3699
167972
154511
2521
32395
69181
204514
147624
26479
97952
195523
139852
172936
124815
140135
25185
74027
151142
126619
2307
33099
153938
123129
191801
76386
87728
133811
42218
49353
145561
103490
134370
160720
217120
37359
216642
93174
148185
164721
85662
59270
155979
165819
70514
218037
129672
175457
209191
46600
155025
14497
175046
19973
127139
219268
170323
68775
162947
160417
72241
67587
205811
13458
119207
29255
86041
94624
8498
75631
136677
215329
63294
54777
205666
77737
165358
146430
195525
131959
217873
133779
98021
190612
83399
141690
109208
58182
190252
171251
60809
45134
150590
181012
121452
74662
16282
154587
14111
65121
197948
200726
143594
163101
149190
16494
190125
35940
57182
220230
131873
185641
175356
183467
25122
208633
97860
42939
22484
175463
48614
80604
127961
133138
187035
68692
127796
215683
84244
163951
22745
168020
46500
39825
49075
53560
61564
48047
206909
103873
9134
92983
181035
155177
99134
22761
30723
41004
974
209031
105718
93225
24699
25131
30502
53370
143827
177280
166899
161187
189013
125655
220682
182379
196395
94942
110267
177989
518
118900
89999
165048
141161
65912
10039
175894
192795
254
84434
150875
206716
50763
132800
49791
133451
38569
182649
217255
22864
165675
219570
44495
16965
105719
85416
76974
61152
190398
194079
112054
63248
202598
189760
28290
116841
29446
139312
196920
118708
200316
181332
215334
135852
95222
25244
80825
199376
16619
5652
91497
125873
2457
98664
189876
11181
66804
104840
96498
40243
183338
15444
161200
185775
54529
22046
156970
119847
90440
42904
73779
142173
201614
37329
48883
57556
147727
157257
213811
214588
24907
146393
138698
6043
89901
36912
105609
87299
38849
80688
70667
177604
69
13852
90939
65646
89081
174982
46657
150779
89482
26329
134453
197148
2438
188550
208149
82019
186636
175707
46738
10970
39092
33383
705
80376
81099
163778
131436
138160
49942
125950
195657
177628
80217
73343
19468
126381
18586
133222
19802
89788
654
94656
35189
138139
157650
185260
80988
144650
100095
162957
83221
36874
50843
52155
135141
208733
146564
124945
174156
181689
68770
22935
7032
34514
159872
121118
208409
142716
170935
130045
145688
175462
85847
150632
18807
213641
35557
49852
195192
57410
212384
201835
100572
28098
200647
212498
207837
138838
86957
39067
41105
20945
63787
30166
27909
148164
90510
105385
125505
83259
75223
172326
9419
181041
61245
165508
129975
151956
108109
124222
83042
108881
98667
127170
71593
193239
135297
161733
32369
5972
119716
118256
11186
218457
116245
36571
47279
21739
209625
118565
163591
138935
118449
172244
57256
109855
60438
46890
64281
57135
48348
122904
181959
91975
119630
170493
86684
113284
7205
100000
46594
105770
86940
69878
106428
117093
213628
138464
43609
123571
160132
141879
185469
84321
51913
97745
65375
83028
166830
25610
152513
74998
61871
80612
57564
53705
177142
64225
34195
105646
88125
19269
44679
185707
111430
216854
113178
85410
203331
150930
79482
13337
32511
183988
116650
112497
117042
80167
92977
13354
135907
16934
104423
17261
119537
92809
8006
174272
43196
118586
16133
208259
4183
71322
165725
174400
72368
75474
56630
79873
210467
148158
79802
127177
93517
166853
9279
172145
82556
183258
140421
212400
218750
134517
108157
194919
126490
135978
94608
146578
210983
91963
23846
119543
88262
79107
108995
190461
24237
187393
73289
129311
94181
87287
95151
19329
73627
116422
211498
173466
145982
120271
152956
104395
33936
170100
35008
182335
118328
28476
171242
135678
14023
172624
45759
22732
193505
34301
191895
128461
177824
146683
81323
124371
198622
61428
100632
28686
107181
71613
11651
90586
26978
10673
18657
10805
190837
187744
216633
114260
177139
148868
63947
142430
81737
98016
43871
218746
132776
16011
45072
138043
6959
218146
19336
174129
58375
142738
45577
102256
124008
162412
198915
170897
93347
119172
111864
68701
177032
126787
32304
165376
134479
196921
172739
41455
90252
140854
117225
168888
191060
141671
79640
96185
181515
24752
205689
114177
173797
146745
80189
99113
220184
127593
209042
92281
125068
191358
50262
76781
119877
26873
124014
82660
165265
9970
168312
34796
216669
211971
128363
143639
160508
11895
208497
201255
64085
28835
46780
135621
202990
47467
98884
206903
18355
214387
83191
168133
47858
66411
64663
102109
175092
199282
121688
76533
181255
44480
61055
163619
138660
8759
143377
73886
110685
211894
74261
17725
194322
97151
209809
84407
209342
54424
169358
67114
219802
130164
92620
173314
204136
33964
118862
75840
96045
154954
184573
28226
142772
212112
94686
81870
214931
68753
47380
162679
81103
164082
110424
4073
38060
164559
115851
83726
164773
156102
88847
72502
150433
100960
96477
146471
106091
77101
41955
13329
5753
173074
30659
192858
152515
84114
123273
121376
211917
6560
25357
148012
47005
25415
153561
171786
142755
169233
205822
182584
64021
93540
152161
143920
66295
106632
42790
49147
209350
58674
166426
206326
167102
81618
71482
168546
30834
43930
94964
197155
22972
213601
177359
86618
17374
157002
178297
198117
144420
164786
74064
90944
123508
93647
8786
157036
38563
116360
156765
34317
102266
63873
146459
111813
50905
73883
109283
73144
152167
120899
190863
107437
14722
146784
157149
169303
191598
117133
215054
93435
78045
31936
178744
140084
60644
74254
122380
198545
60918
17278
147935
118287
19332
157019
69904
35979
103469
103104
184868
158048
219833
219016
206220
154825
179680
55810
61409
216693
149750
129762
48306
30485
168531
151003
167447
62311
24058
173657
117066
89833
135789
177058
68865
15824
170863
30777
170816
134200
35904
155348
177097
132742
89626
39286
215860
206683
45399
110591
133553
185951
187964
199037
19146
204943
88465
133973
10499
175420
72816
154303
86267
214589
166454
98967
194582
72142
200282
76354
106791
11261
42427
74863
54832
52099
89720
153078
104713
197096
141470
174423
192602
185077
101049
211133
123501
107388
63286
159832
92409
144504
177799
177889
208896
20615
129454
8620
54687
2061
218481
17773
105339
134451
149954
16073
208245
58487
32337
71378
98194
195793
196299
104514
191969
202796
187684
3967
139063
10623
159504
53684
78379
67719
183748
35201
183749
93990
183960
68658
44687
199802
196078
178866
117358
31809
211189
107657
103504
14939
142138
6506
141704
33941
8636
154507
117035
12772
5578
126322
198259
185295
124244
59935
152664
87860
170950
166374
163618
153439
57714
154475
98802
56704
114599
25230
55910
4874
23677
54402
51123
133255
68859
7685
143529
196065
217832
189690
16324
21661
202483
44276
199587
153967
26032
50411
81139
90059
164727
19211
95427
44951
83050
174708
107857
70381
186896
25914
7579
150465
517
125662
38030
79710
119167
42422
171411
2441
47605
1989
16074
218792
194804
78515
73809
151457
207354
218400
4776
98564
118967
18927
133970
39776
135499
77433
97733
135194
91812
82372
1064
191848
202614
201735
137101
126717
80463
101529
36258
84029
213133
73114
177299
113319
19296
5005
189891
67023
136787
19672
86982
129624
115335
90947
64839
58229
68380
2588
20003
189905
90922
93442
121772
192752
785
105927
49715
26687
197658
148343
211695
14636
85719
219843
35251
220004
152608
138288
57962
61846
97244
87215
2485
174345
128302
205941
64730
41981
220255
95287
141620
92184
199275
97217
93429
151692
30989
144329
131195
195888
163488
62026
104275
131767
209756
84118
151751
81892
124673
70446
99530
118061
137425
178949
80929
74992
109031
208932
43480
127600
19841
69494
107607
123452
97430
96892
197746
176041
214881
27556
64122
117488
202012
79764
49984
159179
94269
165505
61284
109953
84934
169956
34371
123991
24269
44058
128314
200500
173151
36555
97753
170529
86366
12371
126903
121476
167854
30765
153878
215253
167775
168292
217119
43573
125476
113532
71243
46046
41409
89491
34648
126828
158999
201063
169147
69688
177654
44103
25428
152631
220561
38167
211130
38697
117759
92021
51193
175804
2213
80280
200153
94345
23713
114427
132420
56898
81230
24508
96242
130424
148006
115910
22323
171168
40164
62395
212370
47664
152957
137205
8831
202516
134597
158945
212422
213664
54382
196139
157643
90010
82277
59536
59494
32298
128971
175821
162337
60748
5295
92688
93151
135588
1247
126201
11573
205621
68804
74942
188707
67419
48379
65753
95382
35084
56099
6766
150040
199537
51519
129926
209474
63506
39307
145816
1636
204804
147380
29822
179276
48329
59579
69026
91478
201953
4899
192265
45122
141328
48981
105865
162804
76957
63215
84016
154786
214172
215951
172908
88724
45625
121700
215424
35607
69864
934
73356
220100
140728
153749
97793
91529
20652
89525
2229
146145
147846
175524
19825
136445
146274
114169
20158
199320
218124
113354
30617
75921
39746
216915
209
164167
169433
154126
149778
195141
48707
177346
140772
171352
78335
927
153573
100281
188096
140986
75113
148907
139823
177320
100790
218984
26323
13386
145914
9268
145171
58319
151987
126720
206457
191678
43336
146753
47037
6898
202174
78135
119329
199584
63211
25296
24140
150824
22169
142941
28510
190763
178844
102198
125692
190634
211671
153128
22471
171862
23389
24830
41065
26954
87927
56656
208955
132851
22065
142625
97651
207765
27968
209839
194173
11736
194727
54020
110756
16593
78565
54113
177246
184357
81728
60411
133587
94335
191069
72303
201580
125279
58944
155770
17201
150997
207624
33178
181082
145685
139440
84841
125086
74583
124095
131154
74378
6553
168811
127949
178154
5428
74195
79155
64292
12885
138852
17358
119875
210172
114897
129739
150661
138184
57975
105951
131593
82720
91101
188724
106180
202779
137311
50272
71904
170038
201879
105832
151797
69238
170632
169718
81880
120029
66497
155200
185844
163337
86920
154947
159019
30556
100580
136516
127017
28446
181270
98034
98099
153917
8087
107158
127165
180906
181283
166993
218822
134367
161900
190140
103056
126035
94369
119913
214598
24030
51943
191599
150986
180907
12122
210429
52467
189177
161768
47606
84726
217844
190341
30327
71135
120425
42679
47771
129604
10735
218790
164302
148004
88740
210555
50323
88690
213526
104022
209395
85138
83686
142290
219892
25478
135511
145437
85235
91141
17684
81633
203692
55567
143063
168723
19497
165032
54094
133837
67481
56725
30035
211562
190434
45039
175999
140842
169573
187984
110982
56326
80118
27847
109078
204601
195164
53307
41947
209120
43431
114903
199443
179510
55964
34908
34161
38799
178276
156470
189861
218738
24359
46698
118999
198883
135601
121458
101831
20022
90430
84423
212268
100592
71007
153772
80308
201479
82152
49445
192089
52060
93645
184879
33846
127443
9047
97134
133277
113101
579
170530
207288
173355
92683
177994
116571
123232
14448
96779
29847
195866
37419
42007
44106
104035
160845
205271
91180
186355
112412
176024
168227
206100
105537
152452
2794
191167
32154
29230
219155
180430
74498
160486
141025
190365
58727
155563
206142
2611
82519
20606
125229
8721
43025
162996
90283
39314
44618
72799
189531
220209
139029
24709
57928
209921
160155
111780
27360
183691
151137
208284
128771
179590
93253
208994
129032
164191
76775
57060
216023
42445
182548
76340
61290
43618
183772
168511
71043
15303
143047
65330
63950
29188
188615
131757
35294
76687
131261
208321
157186
58213
192165
99411
183599
156411
171222
103888
160128
119160
212291
84097
180256
34176
178164
48032
51179
101788
139376
205860
112638
33411
67543
111706
131405
80143
64723
63979
197327
63292
126760
178739
197357
180399
216723
42358
111477
143618
49594
109229
128517
208565
109890
59954
129443
50052
128309
181763
198871
153626
116584
27654
9563
30661
173984
28963
99435
66534
139510
205075
212313
115122
96525
109545
22150
186239
67658
199735
122923
92537
163170
99232
218769
199179
218410
39500
58640
103037
88313
71382
189469
106795
2566
88254
120440
95614
33221
93021
99155
95816
14975
42138
173339
20228
126814
120457
175977
60418
47468
166597
8457
167499
20154
142949
189498
215630
219508
107870
14689
27818
83813
13901
205022
6149
180712
145565
190161
130281
101485
114310
58732
40653
213416
55201
138440
87868
151573
102372
174478
19917
87153
125062
99289
194814
195
73317
181822
218578
82545
23526
211426
79656
167492
170738
73691
219447
18621
168021
64418
176731
109322
204247
51116
150691
89361
129
130566
86505
75530
114707
150665
82576
11854
161949
71066
84150
215020
162916
220506
156335
166316
12355
186131
133674
67917
136863
89567
10548
145939
76257
59159
34142
147787
145305
208869
12999
202032
76970
176563
154352
81654
5780
158671
72166
32944
113802
155490
90023
172258
132641
171234
219459
50071
210335
98881
165770
33398
44665
3411
212944
113297
147044
182266
115346
115485
203112
175697
56678
68269
92258
106446
129047
124318
32845
185190
68754
71478
40170
157610
154651
7059
10188
107726
55988
43395
51802
138595
21089
93591
60933
170010
131805
35806
105900
110778
164077
142722
95622
167878
104623
111055
40937
178010
55734
207356
192111
133243
194543
28716
212920
76589
101293
75906
199679
154589
132976
211902
174731
804
104171
174564
140069
101402
203490
114419
181997
103781
190165
62804
148189
194025
216353
105701
45572
85867
210239
324
124349
204939
52529
172629
13243
211148
107554
153028
211566
174780
90278
123929
157220
39890
206110
71128
5317
191874
3749
1377
64857
58308
195101
47749
194452
73508
5924
199608
212732
132560
27796
204786
133189
217075
156078
75645
72805
59891
126646
20515
114603
178832
41466
91825
12512
23524
120548
82763
172266
208947
217294
161350
43471
218828
214783
185399
170044
47377
212040
166569
145877
36353
94119
77374
61923
8492
40760
155100
121639
174365
60343
128523
60131
97125
16232
165158
189635
179844
198637
100132
49677
215453
95363
64784
93274
117185
105243
164749
142045
75095
121808
115554
137264
118913
12642
38159
151205
136904
156968
159363
52573
48469
173962
201092
36873
54673
37770
59382
9978
131470
217499
31648
170984
197904
24452
18140
111447
13548
10504
183425
98836
25456
112590
160608
5168
138896
62636
122907
9893
202676
61168
96959
38441
15159
45602
124053
103175
129015
205165
45702
162869
184860
210271
146035
43236
153212
126258
60277
192780
123312
172818
130372
150773
66477
15739
195072
59057
92511
194136
154715
162109
64043
196458
76664
94477
135128
133069
118122
135736
210773
72151
159489
133579
165578
165945
41425
196762
160197
124676
41514
14329
43781
168911
189705
90899
62723
145766
85037
160699
188228
3708
198103
130383
182937
189747
166810
161052
90807
174020
34923
124606
36722
27973
62854
106672
1
62599
9198
189589
50855
219328
37789
32297
156456
209189
28371
193820
202328
180191
138336
208710
61471
138771
27265
51104
150656
193310
2743
211540
10146
128541
100126
82305
213921
183726
54886
22165
65129
16868
206101
109968
99371
218137
62073
201767
204209
196143
42215
10974
155939
47640
163031
217381
183042
84103
206353
26229
209893
60237
122915
65645
62664
84445
63385
201075
59001
213365
116735
174678
80525
205392
10564
25033
160205
151962
107493
114796
173082
199725
133679
161277
98717
69311
59832
23380
10834
164731
147652
77114
94211
130376
183477
73705
167364
4329
103916
208432
33595
103562
181216
154447
120589
8353
67159
194090
49165
16573
80125
91614
150269
165416
159026
80793
116478
153114
110474
75586
112460
194516
23096
164753
192038
186058
140593
19791
218697
133851
191137
85210
212630
65877
81435
182089
113248
216803
93812
102061
134373
37338
109034
71558
99442
198058
169599
210939
196971
150473
151734
191163
44731
86658
188592
152788
117421
49211
109532
113461
189165
35596
130303
189930
133393
158684
28234
112014
116687
215801
194817
126673
84979
94590
90274
14980
28321
101876
206285
143772
128429
132159
72995
139184
69361
174881
207214
111097
196442
126120
65910
178375
78810
5076
130479
6729
11607
115198
181269
126736
43162
21975
158924
6362
65094
139057
48440
70037
24424
39141
91933
37534
6665
199706
109106
199217
52935
177216
125288
43002
191133
79105
163154
116791
175645
56627
178178
51050
161849
196851
69178
84797
99764
117096
61796
78606
135466
59300
178522
39530
13808
31298
1172
159122
104544
160523
127426
35010
138273
84367
49528
109331
149206
113243
146721
146620
107427
124935
24745
158292
130941
110023
17828
99614
145970
209721
143803
23069
54676
44337
220478
165345
70440
12633
181036
100569
15927
201594
191424
122201
153320
17565
32644
76512
23601
146268
64131
213914
10011
169787
122122
37296
8807
54954
163265
1844
167426
97598
191862
121002
85230
141239
182109
172286
180264
2846
109772
137756
45542
209688
208238
59556
190108
152899
173528
109253
110979
182977
42868
61108
119009
20556
200332
88384
175900
28655
103513
26892
54699
187751
16325
110192
162587
11012
46677
20739
192499
138190
162931
195903
81434
120340
101598
133118
8287
58839
39222
217157
37138
45944
191973
88945
128881
111713
160717
102016
192605
32019
144360
214228
26909
101405
202636
129741
187539
133101
133046
192861
145598
158888
127659
121425
184179
53597
110688
207376
220475
77614
200873
41640
143086
206206
125644
101516
58417
135349
31292
202865
42981
136911
126224
215293
131079
7306
219521
10911
96169
78662
81507
198671
208787
148778
133745
51400
32280
177830
131961
101754
82945
198383
160405
77631
180044
215780
28103
1983
218727
158183
195638
48242
37434
54453
53386
69061
5507
203095
124479
103328
95666
201019
163157
149627
34844
144981
173666
113383
34062
173741
51869
9704
188526
145689
176889
105269
120947
54540
58373
112462
82371
57456
136972
135501
93615
215843
117138
8280
60450
61619
53087
103745
44977
164603
179298
155863
2755
88825
62245
219649
126792
67930
143657
124782
192519
160461
182727
154879
106951
39488
30608
20385
147568
47010
79804
154682
134533
140614
26524
106739
211906
101748
141463
32639
121235
86051
96178
194274
42413
171257
192415
56186
157585
111403
64355
90160
187787
54771
95227
99979
27349
106173
170349
90997
215950
13555
97234
59982
177907
64680
106971
8782
84786
71118
144163
139221
118848
103252
109509
62294
99539
77431
203893
33001
198628
2675
146255
73382
188085
60454
155042
7046
100274
198273
6908
947
179619
141693
113699
150775
157690
4422
205447
192090
27014
83241
184697
89990
167926
118704
18362
173391
185309
200705
55500
44708
162871
110341
187334
160496
202041
98932
162313
177850
160524
150043
152817
59581
165701
30384
45363
116075
167662
216356
160684
127116
25414
79143
120134
137390
19288
64461
125939
118396
17639
102254
106608
181705
78385
62944
46972
148828
60849
47870
76293
28872
207191
93602
183266
35683
29811
159668
69915
3379
210120
42656
116182
156268
132811
131313
92616
136678
37572
186018
109616
1008
68508
143037
137568
171997
3397
52353
97872
69867
75376
10954
191072
101172
187476
74470
129712
211315
202081
77877
208568
177108
182068
70308
199527
27066
40908
23990
182641
137888
32779
210639
196273
150451
88400
192543
10237
184606
149322
20412
9067
100389
111533
115821
24218
136318
22089
186115
91332
188166
61411
61171
107221
207048
91632
58278
191399
140016
179202
10422
218439
119120
177358
219130
104288
117516
197885
125651
122548
90816
103118
12680
79976
128201
112458
89179
146484
41144
133558
146409
100684
12645
73569
185174
7226
180006
210769
82228
180724
135708
91474
160368
168850
216889
27971
219368
72278
124512
53144
55755
9542
71137
149715
107645
129531
78393
129011
46530
133781
21904
104019
39771
180369
126296
68520
42474
216649
12677
171445
16968
73797
164081
101437
190377
59192
149732
81762
204750
57272
65683
126751
77835
4479
85540
129795
51234
193973
186008
189671
105754
38193
190845
45120
208705
128202
209650
297
57219
120506
178782
124737
21687
100291
169179
52326
138197
60399
168677
29015
48375
176963
43603
48613
39467
90163
210452
138400
113868
82938
127580
74726
154484
216610
99712
45050
28602
154739
184093
78296
128753
179074
156893
96364
128282
72430
7142
111157
80453
160948
177233
94888
219042
47523
49807
220392
77948
19130
182909
127739
140397
60050
3152
127634
207646
169223
57006
101645
199997
173724
157676
91629
7423
158007
212360
96733
24210
15421
54988
11749
128859
96740
113535
180745
96608
72513
102631
96868
107443
186645
32987
152070
136077
123946
208969
144564
193855
11441
172730
184821
136098
201062
125343
27123
30557
191615
196410
50324
153455
57622
96560
158371
3497
27924
131013
57142
207610
181109
2731
200467
189311
206068
176587
220815
60400
46349
174992
126205
164684
74549
56202
101836
40828
110740
2313
212613
112854
58648
24117
45514
9274
167510
174160
194008
68285
113257
57581
143030
176995
166467
127148
178315
85626
37344
123847
16707
180670
179713
196261
159434
49082
7585
45533
163373
122612
22680
43115
122078
122210
176428
220587
9513
137656
15898
138143
46014
117211
80321
156812
188770
21652
22330
63909
162942
199046
85123
122058
73455
151942
104075
54762
118827
9793
110611
157311
50672
51579
203520
102817
166973
7285
192548
10134
161674
120550
43306
205580
107810
12009
138706
184823
133425
166180
83479
219812
22049
215360
32171
77988
193778
100464
111872
154101
294
55168
24783
13632
162961
59492
110959
195461
183123
174840
151316
113637
18038
56441
54848
133452
6754
82311
134041
121545
6723
162661
64029
30231
162028
83246
19633
22906
113595
104249
176344
159136
57911
192141
130825
216148
8591
89928
200586
144460
9523
153496
1346
76753
28966
13394
203952
218030
113086
28523
61817
108399
10170
45610
128298
173432
48688
56310
147465
95049
164797
192803
18677
41381
77696
159201
46672
52403
152003
17967
24334
136682
220637
78758
189571
60607
54172
215077
220271
6129
109464
115559
30794
25147
201779
170177
96023
65390
170400
136125
28924
156175
47415
24371
19068
185204
127604
78704
28714
67053
74315
213870
176999
36678
7452
146877
76286
111492
158872
73106
13589
185376
188450
148749
206610
195957
206403
205061
112620
172138
210629
169521
29233
107316
56032
53287
128035
220320
80320
204909
15623
98362
121087
7874
189605
91558
72776
202838
198030
116858
160804
52612
186358
181411
208165
106442
82735
37653
200293
157107
87190
64120
74046
32687
128612
89282
49156
138604
38122
108260
204452
66556
68924
83916
16979
51635
208039
128995
120693
100660
138345
183662
219151
78781
37188
34399
159501
129590
31287
11107
35107
165887
102084
15858
124388
202226
54102
1093
134702
174502
108598
110731
49882
77451
195275
84236
169868
61378
110073
76547
11641
213152
49140
93550
92364
44558
78639
118019
127553
112776
214092
46251
53659
50124
155688
126138
30511
149951
2548
98839
132030
15414
211001
123598
78238
216632
116140
100128
157171
84696
151489
105332
117912
5702
107183
175434
108952
62840
207896
197435
85492
116082
194514
112534
153902
4727
53882
75515
129552
203377
3943
85642
9193
180015
40555
217573
119731
822
134422
113705
138108
171339
2471
152769
141728
12339
93948
117398
70191
96484
76682
100693
17073
96433
175013
102967
26721
49138
160305
215236
63948
117700
110563
188446
55878
1403
191303
97190
77280
134472
136298
81696
202127
186445
147848
208778
128835
134387
35386
50854
153981
138296
136497
77966
88656
63259
194980
70006
214565
196118
101999
134560
111561
215837
6293
97336
117219
148982
170920
175099
215884
36532
138218
93363
174791
200605
79305
48816
34270
109082
143653
86457
5991
102492
68117
155559
74219
850
101477
209231
100744
157602
201449
208842
112275
99745
98097
131041
155010
73905
44146
161515
153863
22347
98962
52754
123896
164814
57491
211035
6346
56211
53605
127939
3357
147462
112105
85554
7425
159964
39325
92836
190403
44499
58322
155493
141683
16883
73909
189763
113680
124105
183075
23793
140225
141897
132037
166818
112125
185369
112748
28665
93637
153065
44753
52741
192062
191890
59307
178513
42437
141883
163164
121980
72533
206855
61202
48199
12976
29602
196976
152580
121206
50472
46097
20533
210081
93941
5618
205430
168960
166130
63890
191671
175653
114881
188524
89634
49763
120770
103541
23754
74436
96198
203790
91294
176835
180033
110236
67436
91320
189236
6123
20882
82206
188284
158499
130814
7783
129041
34229
105148
4276
183452
100639
208483
144276
160704
13878
116317
94571
129441
126367
140743
77167
208737
99416
186344
195774
132674
155733
43895
160311
76330
220105
8488
204928
212068
136355
95141
219153
70424
130135
146148
190537
203549
32153
84795
140111
32173
150340
81035
152292
19947
71795
47897
12382
79429
89416
62663
20940
189411
54612
121555
186647
147342
177917
129471
32050
59003
85326
43659
125599
21644
74937
43292
56391
149144
217104
11404
190810
16988
135481
208439
181471
32575
198153
215200
204578
49744
32739
90378
103006
14306
159597
92257
125622
168636
57910
153489
173410
31456
151644
135728
194439
65477
70248
3036
204598
59657
170574
17947
82286
137176
57926
149538
92689
68276
208391
203758
89571
64193
12214
44576
38671
30000
189101
69856
113510
27876
163984
93688
73464
158949
29719
74116
32569
123050
178850
161960
73361
184306
183194
220476
183273
837
195782
213737
6520
110786
154929
118755
54344
72316
205917
29331
138936
4902
66434
190940
189929
176328
53256
7746
51571
52951
125023
127518
44856
25588
84904
12790
190011
135315
148048
88257
141221
7662
105878
215509
66263
50316
13952
18870
57801
160512
174320
60457
205788
29718
171480
204210
68923
94794
43085
77422
148341
170435
176542
27753
113389
122598
102116
211118
10515
146567
88535
201991
14646
42260
8234
52965
3972
197221
116975
196394
181123
28418
213901
85111
63451
4792
163022
8606
111900
8611
206483
160160
57852
20819
33971
133659
211351
206827
207255
99276
33627
29172
17889
117508
76620
206228
19605
113537
105507
33680
98726
78567
5948
209188
16936
9461
129178
182722
81687
33784
198218
32311
214749
210191
49294
133542
11184
32766
9458
164719
159344
59422
136698
65234
164030
95978
8108
219149
173633
118945
95503
117411
202245
211451
53042
120165
92816
629
72548
201201
187590
214657
48785
207510
108222
2895
51003
163559
155913
176085
208902
154630
177409
19235
79593
200506
197966
8866
64765
205504
16029
157357
38023
135506
48655
65487
198458
204288
132712
33896
81470
24680
198433
212434
71810
84377
48779
116712
203280
73522
108566
172204
28411
179277
188195
216418
28365
155834
99250
1537
39606
84900
165175
8877
102840
200751
201034
117472
112716
146685
3522
108398
199510
128571
85357
60010
177915
54084
111158
11626
128354
43200
51324
54672
134304
70298
36386
4859
165459
118861
125791
78472
186026
33841
86376
101899
161064
55116
174973
120095
154115
72726
136221
202098
28276
35240
15100
9124
58252
45445
184142
34257
110452
85119
158581
199427
197094
127032
61493
111530
57513
220458
142655
163258
102079
219117
70001
146374
179873
36368
54547
215702
45457
38311
55248
109753
170982
20910
198307
92821
133618
95669
35721
10284
194625
96255
167076
63814
96602
167771
40801
144778
159162
101841
154251
200336
150393
194096
210921
203131
37300
4486
138826
4765
40610
104235
102949
106241
58416
83043
134886
152603
113830
63045
124671
87060
10216
62424
220398
145796
174867
64041
47527
35856
206134
32453
148037
7621
155585
117691
162793
5121
173516
67674
112884
206877
128796
199040
131547
210729
145611
101265
191465
53198
135943
196451
111979
100369
62412
142676
36228
214494
13745
33736
24267
153725
166764
187118
183575
207605
163377
89923
193367
112582
61908
14211
57917
31288
127469
17569
80195
189452
188527
15564
207526
29539
110178
69959
75456
165148
133758
8702
37837
217764
125700
112116
47234
65101
10054
163543
242
113483
108610
92896
168263
125523
202050
111705
199599
68854
37207
6254
127447
289
213495
127371
165801
46680
109745
34540
121418
34361
16194
156953
102683
155506
87034
165672
90548
13599
180175
137646
169761
111987
13946
11696
15463
5953
51420
138548
161166
10143
5602
131783
15559
45760
55291
58745
6197
114262
213713
22870
175139
572
121855
133977
124451
96371
48053
31047
134814
13086
33146
75367
119209
80689
102835
51762
122991
100153
160162
45654
212047
186280
46207
177395
15424
172475
41934
108220
217919
181726
84704
37692
100139
147401
22221
183711
218784
200579
126290
75253
89279
97017
72991
207009
168882
37247
155285
165733
65685
74165
153975
190598
209971
100897
157274
60363
161068
166
81764
10072
212898
23269
208093
214412
203463
14546
89399
4403
103206
219380
149163
94753
48251
164012
79649
110940
140773
109516
169895
204427
58137
59190
48382
132819
203311
22454
163460
166529
66747
7100
64715
114585
2121
209162
157428
37729
17232
134489
75714
75667
204419
101921
109130
169484
82110
68548
214861
68407
76761
78355
48553
29934
147678
162834
143226
49548
112576
200627
148878
69067
